20 20
3 1 2 3 1 3 4 3 2 2 4 3 2 3 2 3 3 2 4 1
1 4 3 1 3 1 4 3 3 1 2 2 2 1 1 3 1 2 4 2
4 1 1 1 4 3 3 1 1 2 3 4 4 1 4 2 2 2 3 4
1 1 2 4 1 2 4 3 1 3 4 3 4 1 4 4 1 4 3 1
4 1 2 4 3 1 1 3 1 4 1 2 2 4 2 1 4 1 4 4
1 1 2 3 1 4 4 2 3 1 1 2 1 2 3 2 4 4 1 3
4 1 3 1 3 1 4 1 4 1 1 1 1 1 3 1 2 1 3 1
2 3 4 4 4 2 2 1 1 3 2 3 3 1 2 4 1 2 1 3
4 1 4 2 1 4 1 3 2 4 1 3 1 3 3 1 3 1 2 1
2 3 1 4 1 2 1 2 1 1 2 4 1 1 3 1 3 3 1 2
4 4 2 2 3 1 3 1 1 1 2 2 1 2 1 4 2 1 3 4
1 2 1 3 2 4 3 1 3 2 1 3 4 2 1 1 1 4 3 1
2 1 3 1 1 3 2 4 2 1 3 2 2 1 1 1 1 3 1 3
4 3 1 3 4 2 1 1 4 3 2 1 1 2 3 4 3 4 1 3
2 1 4 1 1 4 3 4 2 1 1 3 1 1 2 3 2 1 3 2
2 1 2 1 4 1 1 2 4 2 2 4 1 3 1 4 1 3 1 4
4 1 4 2 4 1 1 4 4 2 4 2 3 1 1 3 1 4 1 2
3 2 1 4 1 3 4 3 1 4 4 1 1 4 2 2 1 2 2 1
2 4 4 1 1 4 2 1 4 1 2 4 2 2 1 4 1 1 4 3
2 1 3 2 3 1 3 4 1 3 1 4 2 4 2 4 2 3 1 2

Yes
19 18
20 18
20 16
20 17
19 16
18 17
19 17
20 14
20 15
20 12
20 13
19 12
18 13
19 13
18 14
19 14
17 15
16 17
16 16
17 16
18 16
18 15
19 15
20 8
20 7
19 10
19 9
19 5
19 6
17 7
18 7
19 7
17 8
18 8
19 8
20 5
18 3
19 3
20 3
20 4
18 4
19 4
18 10
18 11
16 13
17 13
17 11
16 12
17 12
18 12
17 9
18 9
18 6
16 6
16 5
17 5
18 5
17 19
17 18
17 17
15 14
16 14
17 14
17 6
19 2
17 1
18 1
18 2
17 3
16 2
17 2
16 20
16 18
14 19
14 20
15 20
15 19
16 19
13 16
14 16
15 16
14 13
13 14
14 14
14 15
15 15
16 15
16 9
14 8
15 8
16 8
15 6
15 7
16 7
17 4
15 4
15 3
16 3
16 4
14 18
14 17
15 17
15 18
15 11
15 12
15 13
17 10
16 11
16 10
14 9
15 9
13 10
14 10
15 10
13 5
14 5
15 5
16 1
14 1
15 1
13 2
14 2
15 2
12 11
13 11
14 11
11 13
12 13
13 13
12 12
13 12
14 12
11 6
12 6
13 6
14 6
13 8
11 8
11 7
12 7
13 7
14 7
14 4
12 3
13 3
14 3
13 20
12 17
12 18
13 18
11 20
10 19
11 19
12 19
13 19
13 17
12 15
13 15
10 5
11 5
12 5
12 4
13 4
10 16
11 16
12 16
13 9
11 10
12 10
12 9
12 8
9 18
10 18
10 17
11 17
11 18
12 14
10 14
11 14
10 15
11 15
10 9
11 9
9 13
9 11
9 12
10 12
10 13
11 12
11 11
10 11
9 10
10 10
9 7
8 8
9 8
10 8
9 6
10 6
10 7
10 4
11 4
11 1
11 2
11 3
9 1
10 1
10 2
7 4
8 4
8 3
9 3
10 3
9 17
9 14
9 15
7 16
8 16
9 16
9 4
8 5
9 5
7 1
8 1
8 2
9 2
8 19
7 18
8 18
6 18
6 17
7 17
8 17
7 14
7 15
8 15
7 12
8 12
8 13
8 14
9 9
7 10
8 10
7 9
8 9
6 13
7 13
8 11
6 11
7 11
5 7
6 7
7 7
5 9
6 9
5 8
6 8
7 8
8 7
8 6
7 5
6 6
7 6
7 3
6 2
7 2
7 19
5 20
6 20
5 19
6 19
5 10
6 10
4 5
4 4
5 4
6 4
5 5
6 5
5 17
3 20
1 19
2 19
3 19
4 19
4 18
5 18
4 14
5 14
6 14
6 15
6 16
4 15
5 15
4 16
5 16
6 12
4 13
5 13
3 13
3 12
4 12
5 12
4 11
5 11
4 7
1 7
2 7
3 7
3 5
3 6
4 6
5 6
6 3
4 2
3 3
4 3
5 3
5 1
5 2
2 17
1 17
1 18
2 18
3 18
3 15
1 16
2 16
3 16
3 17
4 17
4 10
4 8
3 9
4 9
2 14
3 14
1 8
2 8
3 8
2 4
3 4
3 1
2 3
2 2
3 2
1 14
1 15
2 15
3 11
3 10
1 11
1 12
1 13
2 13
2 12
2 11
2 9
1 9
1 10
2 10
2 5
1 6
2 6
19 19
19 20
20 20
20 19
20 10
19 11
20 11
20 9
20 6
19 1
20 1
20 2
18 18
18 19
17 20
18 20
13 1
12 20
12 2
12 1
10 20
9 19
8 20
9 20
7 20
6 1
4 20
4 1
2 20
1 1
2 1
1 20
1 4
1 5
1 3
1 2
